%YAML:1.0
---
cameraMatrix: !!opencv-matrix
   rows: 3
   cols: 3
   dt: d
   data: [ 3.7321708246730680e+02, 0., 2.4784677274052729e+02, 0.,
       3.7347641823200416e+02, 2.0531956401066819e+02, 0., 0., 1. ]
distortionCoefficients: !!opencv-matrix
   rows: 1
   cols: 5
   dt: d
   data: [ 9.9720810969134543e-02, -2.0908567033404873e-01,
       9.5416783662845793e-04, -4.9616655148263366e-03,
       -9.7425281303729870e-03 ]
rotation: !!opencv-matrix
   rows: 3
   cols: 3
   dt: d
   data: [ 1., 0., 0., 0., 1., 0., 0., 0., 1. ]
projection: !!opencv-matrix
   rows: 4
   cols: 4
   dt: d
   data: [ 3.7321708246730680e+02, 0., 2.4784677274052729e+02, 0., 0.,
       3.7347641823200416e+02, 2.0531956401066819e+02, 0., 0., 0., 1.,
       0., 0., 0., 0., 1. ]
