%YAML:1.0
---
cameraMatrix: !!opencv-matrix
   rows: 3
   cols: 3
   dt: d
   data: [ 1.0643179248469130e+03, 0., 9.3785747746800064e+02, 0.,
       1.0664556353588507e+03, 5.3980376751655319e+02, 0., 0., 1. ]
distortionCoefficients: !!opencv-matrix
   rows: 1
   cols: 5
   dt: d
   data: [ 1.9305466926801917e-02, 2.8456664079450061e-01,
       8.4781518505123651e-04, -1.4610494484102135e-03,
       -7.9558536046807704e-01 ]
rotation: !!opencv-matrix
   rows: 3
   cols: 3
   dt: d
   data: [ 1., 0., 0., 0., 1., 0., 0., 0., 1. ]
projection: !!opencv-matrix
   rows: 4
   cols: 4
   dt: d
   data: [ 1.0643179248469130e+03, 0., 9.3785747746800064e+02, 0., 0.,
       1.0664556353588507e+03, 5.3980376751655319e+02, 0., 0., 0., 1.,
       0., 0., 0., 0., 1. ]
