%YAML:1.0
---
rotation: !!opencv-matrix
   rows: 3
   cols: 3
   dt: d
   data: [ 9.9995823832021713e-01, -3.1094287535095625e-03,
       -8.5937807951257141e-03, 3.1017272970984447e-03,
       9.9999477617237120e-01, -9.0934907693709553e-04,
       8.5965634588629630e-03, 8.8265553651463641e-04,
       9.9996265931078732e-01 ]
translation: !!opencv-matrix
   rows: 3
   cols: 1
   dt: d
   data: [ -5.1583018021332215e-02, -9.3433536538819195e-03,
       -3.7321028542719341e-02 ]
essential: !!opencv-matrix
   rows: 3
   cols: 3
   dt: d
   data: [ 3.5438920382547704e-05, 3.7312586621267088e-02,
       -9.3769426094725914e-03, -3.6876033266056117e-02,
       1.6157711570794576e-04, 5.1901820614232388e-02,
       9.1829670046750401e-03, -5.1611801053043083e-02,
       -3.3387763369470091e-05 ]
fundamental: !!opencv-matrix
   rows: 3
   cols: 3
   dt: d
   data: [ 8.9398750192025620e-09, 9.4059929625048027e-06,
       -2.8162732897907264e-03, -9.2837565939575618e-06,
       4.0649735781606351e-08, 7.1692761241120371e-03,
       7.4685244885613926e-03, -2.2690869825973532e-02, 1. ]
