%YAML:1.0
---
depthShift: 3.4208694369624375e+01
