re-projection error:

color: 0.228097
ir: 0.111161
extern: 0.216426
